1 5.1 3.5 1.4 0.2
2 4.7 3.2 1.3 0.2
3 5.0 3.6 1.4 0.2
4 4.6 3.4 1.4 0.3
5 4.4 2.9 1.4 0.2
6 5.4 3.7 1.5 0.2
7 4.8 3.0 1.4 0.1
8 5.8 4.0 1.2 0.2
9 5.4 3.9 1.3 0.4
10 5.7 3.8 1.7 0.3
11 5.4 3.4 1.7 0.2
12 4.6 3.6 1.0 0.2
13 4.8 3.4 1.9 0.2
14 5.0 3.4 1.6 0.4
15 5.2 3.4 1.4 0.2
16 4.8 3.1 1.6 0.2
17 5.2 4.1 1.5 0.1
18 4.9 3.1 1.5 0.2
19 5.5 3.5 1.3 0.2
20 4.4 3.0 1.3 0.2
21 5.0 3.5 1.3 0.3
22 4.4 3.2 1.3 0.2
23 5.1 3.8 1.9 0.4
24 5.1 3.8 1.6 0.2
25 5.3 3.7 1.5 0.2
26 7.0 3.2 4.7 1.4
27 6.9 3.1 4.9 1.5
28 6.5 2.8 4.6 1.5
29 6.3 3.3 4.7 1.6
30 6.6 2.9 4.6 1.3
31 5.0 2.0 3.5 1.0
32 6.0 2.2 4.0 1.0
33 5.6 2.9 3.9 1.3
34 5.6 3.0 4.5 1.5
35 6.2 2.2 4.5 1.5
36 5.9 3.2 4.8 1.8
37 6.3 2.5 4.9 1.5
38 6.4 2.9 4.3 1.3
39 6.8 2.8 4.8 1.4
40 6.0 2.9 4.5 1.5
41 5.5 2.4 3.8 1.1
42 5.8 2.7 3.9 1.2
43 5.4 3.0 4.5 1.5
44 6.7 3.1 4.7 1.5
45 5.6 3.0 4.1 1.3
46 5.5 2.6 4.4 1.2
47 5.8 2.6 4.0 1.2
48 5.6 2.7 4.2 1.3
49 5.7 2.9 4.2 1.3
50 5.1 2.5 3.0 1.1
51 6.3 3.3 6.0 2.5
52 7.1 3.0 5.9 2.1
53 6.5 3.0 5.8 2.2
54 4.9 2.5 4.5 1.7
55 6.7 2.5 5.8 1.8
56 6.5 3.2 5.1 2.0
57 6.8 3.0 5.5 2.1
58 5.8 2.8 5.1 2.4
59 6.5 3.0 5.5 1.8
60 7.7 2.6 6.9 2.3
61 6.9 3.2 5.7 2.3
62 7.7 2.8 6.7 2.0
63 6.7 3.3 5.7 2.1
64 6.2 2.8 4.8 1.8
65 6.4 2.8 5.6 2.1
66 7.4 2.8 6.1 1.9
67 6.4 2.8 5.6 2.2
68 6.1 2.6 5.6 1.4
69 6.3 3.4 5.6 2.4
70 6.0 3.0 4.8 1.8
71 6.7 3.1 5.6 2.4
72 5.8 2.7 5.1 1.9
73 6.7 3.3 5.7 2.5
74 6.3 2.5 5.0 1.9
75 6.2 3.4 5.4 2.3
76 4.9 3.0 1.4 0.2
77 4.6 3.1 1.5 0.2
78 5.4 3.9 1.7 0.4
79 5.0 3.4 1.5 0.2
80 4.9 3.1 1.5 0.1
81 4.8 3.4 1.6 0.2
82 4.3 3.0 1.1 0.1
83 5.7 4.4 1.5 0.4
84 5.1 3.5 1.4 0.3
85 5.1 3.8 1.5 0.3
86 5.1 3.7 1.5 0.4
87 5.1 3.3 1.7 0.5
88 5.0 3.0 1.6 0.2
89 5.2 2.5 1.5 0.2
90 4.7 3.2 1.6 0.2
91 5.4 3.4 1.5 0.4
92 5.5 4.2 1.4 0.2
93 5.0 3.2 1.2 0.2
94 4.9 3.6 1.4 0.1
95 5.1 3.4 1.5 0.2
96 4.5 2.3 1.3 0.3
97 5.0 3.5 1.6 0.6
98 4.8 3.0 1.4 0.3
99 4.6 3.2 1.4 0.2
100 5.0 3.3 1.4 0.2
101 6.4 3.2 4.5 1.5
102 5.5 2.3 4.0 1.3
103 5.7 2.8 4.5 1.3
104 4.9 2.4 3.3 1.0
105 5.2 2.7 3.9 1.4
106 5.9 3.0 4.2 1.5
107 6.1 2.9 4.7 1.4
108 6.7 3.1 4.4 1.4
109 5.8 2.7 4.1 1.0
110 5.6 2.5 3.9 1.1
111 6.1 2.8 4.0 1.3
112 6.1 2.8 4.7 1.2
113 6.6 3.0 4.4 1.4
114 6.7 3.0 5.0 1.7
115 5.7 2.6 3.5 1.0
116 5.5 2.4 3.7 1.0
117 6.0 2.7 5.1 1.6
118 6.0 3.4 4.5 1.6
119 6.3 2.3 4.4 1.3
120 5.5 2.5 5.0 1.3
121 6.1 3.0 4.6 1.4
122 5.0 2.3 3.3 1.0
123 5.7 3.0 4.2 1.2
124 6.2 2.9 4.3 1.3
125 5.7 2.8 4.1 1.3
126 5.8 2.7 5.1 1.9
127 6.3 2.9 5.6 1.8
128 7.6 3.0 6.6 2.1
129 7.3 2.9 6.3 1.8
130 7.2 3.6 6.1 2.5
131 6.4 2.7 5.3 1.9
132 5.7 2.5 5.0 2.0
133 6.4 3.2 5.3 2.3
134 7.7 3.8 6.7 2.2
135 6.0 2.2 5.0 1.5
136 5.6 2.8 4.9 2.0
137 6.3 2.7 4.9 1.8
138 7.2 3.2 6.0 1.8
139 6.1 3.0 4.9 1.8
140 7.2 3.0 5.8 1.6
141 7.9 3.8 6.4 2.0
142 6.3 2.8 5.1 1.5
143 7.7 3.0 6.1 2.3
144 6.4 3.1 5.5 1.8
145 6.9 3.1 5.4 2.1
146 6.9 3.1 5.1 2.3
147 6.8 3.2 5.9 2.3
148 6.7 3.0 5.2 2.3
149 6.5 3.0 5.2 2.0
150 5.9 3.0 5.1 1.8